0002
0003
0004
0013
0015
0017
0021
0024
0029
0046
0051
0060
0068
0071
0072
0074
0076
0078
0080
0084
0111
0114
0115
0116
0122
0127
0130
0145
0147
0150
0173
0179
0180
0181
0182
0188
0191
0196
0198
0207
0213
0214
0221
0228
0234
0237
0240
0260
0262
0273
0277
0286
0290
0295
0297
0298
0300
0323
0327
0332
0339
0340
0342
0345
0347
0349
0352
0354
0357
0363
0369
0373
0374
0387
0410
0412
0417
0419
0420
0427
0437
0446
0455
0463
0467
0470
0473
0492
0495
0496
0499
0507
0512
0513
0522
0524
0527
0534
0537
0539
0544
0550
0552
0553
0556
0561
0564
0566
0568
0579
0583
0586
0588
0595
0597
0603
0604
0609
0615
0618
0621
0622
0625
0632
0635
0636
0639
0651
0655
0665
0667
0678
0681
0683
0686
0687
0689
0691
0693
0694
0696
0697
0699
0702
0723
0724
0729
0735
0738
0741
0746
0749
0750
0752
0754
0758
0760
0764
0776
0784
0787
0788
0789
0790
0796
0807
0808
0813
0818
0819
0821
0823
0826
0832
0839
0842
0844
0845
0846
0850
0853
0857
0867
0874
0876
0877
0879
0881
0887
0889
0892
0893
0899
0901
0903
0915
0937
0938
0939
0941
0952
0955
0959
0964
0980
1000
1002
1004
